1725133202371053263
1725133202371242839
1725133202371269820
1725133202371317179
1725133202371559624
1725133202371624275
1725133202371722409
1725133202371757175
1725133202371864987
1725133202372013245
1725133202372101571
1725133202372247315
1725133202372378461
1725133202372544773
1725133202372826793
1725133202372905120
1725133202372962678
1725133202373064439
1725133202371063142
1725133202371160585
1725133202371195610
1725133202371107124
1725133202371154774
1725133202371101895
1725133202371133414
1725133202371192825
1725133202406525050
1725133202406778055
1725133202407011112
1725133202407104718
1725133202406720527
1725133202406719475
1725133202407434688
1725133202407463071
1725133202406866351
1725133202406916775
1725133202408932940
1725133202408951836
1725133202408971242
1725133202409178341
1725133202409192828
1725133202409279461
1725133202409369480
1725133202409392623
1725133202409452436
1725133202409586758
1725133202406923488
1725133202419736333
1725133202419942059
1725133202419949633
1725133202419982565
1725133202408560962
1725133202420110135
1725133202408643828
1725133202408984998
1725133202409044079
1725133202409054989
1725133202409086278
1725133202409094574
1725133202409130672
1725133202409141221
1725133202409160017
1725133202409164746
1725133202409195333
1725133202409278980
1725133202430807148
1725133202408608611
1725133202408622548
1725133202430884733
1725133202430894301
1725133202409399116
1725133202436086610
1725133202409343461
1725133202406852925
1725133202446305895
1725133202446335772
1725133202406711530
1725133202456380791
1725133202419892156
1725133202408484809
1725133202466621547
1725133202419915880
1725133202476693938
1725133202408593182
1725133202486830919
1725133202419950335
1725133202408517861
1725133202409306191
1725133202406879926
1725133202407014409
1725133202446310254
1725133202406901987
1725133202406969955
1725133202407653909
1725133202419906843
1725133202419923865
1725133202406643492
1725133202487842528
1725133202408632126
1725133202496174531
1725133202501450978
1725133202408954060
1725133202511590253
1725133202511607606
1725133202521746160
1725133202531874155
1725133202531887811
1725133202542060349
1725133202544939685
1725133202545030315
1725133202562323592
1725133202562792463
1725133202562953805
1725133202562590604
1725133202562683368
1725133202562870379
1725133202562900535
1725133202562538496
1725133202563100501
1725133202563112123
1725133202562628755
1725133202571144684
1725133202582732579
1725133202603013575
1725133202623267561
1725133202643546013
1725133202663827340
1725133202671259032
1725133202684179630
1725133202684253328
1725133202684287573
1725133202684305697
1725133202684387110
1725133202684399823
1725133202684511874
1725133202684547090
1725133202684254611
1725133202684554073
1725133202684556347
1725133202685434676
1725133202686383127
1725133202686499636
1725133202686516197
1725133202686550641
1725133202686588653
1725133202686612628
1725133202686697727
1725133202686720791
1725133202684613685
1725133202686773810
1725133202686853209
1725133202686904886
1725133202686916558
1725133202686945342
1725133202686949079
1725133202687023359
1725133202687058264
1725133202684581384
1725133202684626719
1725133202686747711
1725133202684691200
1725133202684617232
1725133202686792976
1725133202684598036
1725133202684588778
1725133202684620117
1725133202687969084
1725133202684606431
1725133202684589700
1725133202684605119
1725133202686922990
1725133202686950742
1725133202684680951
1725133202688777372
1725133202684607083
1725133202684603065
1725133202686744325
1725133202684701099
1725133202686563566
1725133202684549354
1725133202684709134
1725133202684621429
1725133202696073770
1725133202696088919
1725133202696123213
1725133202696299073
1725133202704547920
1725133202714696113
1725133202686945132
1725133202745171829
1725133202765457064
1725133202775489339
1725133202775523032
1725133202775630804
1725133202687052544
1725133202795768171
1725133202795904637
1725133202805976486
1725133202795797556
1725133202816115592
1725133202775632658
1725133202826259356
1725133202795824737
1725133202795876013
1725133202795851627
1725133202846797285
1725133202846923853
1725133202816080806
1725133202846582332
1725133202866831007
1725133202866959238
1725133202846587602
1725133202846646602
1725133202887120309
1725133202887245774
1725133202846648225
1725133202846707877
1725133202907382490
1725133202907521942
1725133202846724659
1725133202846764093
1725133202927657365
1725133202927797578
1725133202846554650
1725133202846609212
1725133202947939534
1725133202948072133
1725133202846693911
1725133202846735429
1725133202968212425
1725133202968352768
1725133202846620163
1725133202846679314
1725133202988488392
1725133202988633204
1725133202846752892
1725133202846544030
1725133203008775680
1725133203008921855
1725133203018932569
1725133203029054072
1725133203029146856
1725133203039196694
1725133203029084308
1725133203049327614
1725133203029126287
1725133203029103274
1725133203029054543
1725133203069675906
1725133203069693449
1725133203069603771
1725133203069629910
1725133203089883956
1725133203090027555
1725133203069668472
1725133203069616264
1725133203110154633
1725133203110293574
1725133203069650579
1725133203130413057
1725133203130434397
1725133203130567627
1725133203150704062
1725133203150794522
1725133203150825650
1725133203150711085
1725133203171031616
1725133203171057314
1725133203150746402
1725133203150801725
1725133203191309166
1725133203191330847
1725133203150741673
1725133203170983045
1725133203211580033
1725133203171003183
1725133203171026907
1725133203231854828
1725133203231878853
1725133203150775526
1725133203191257309
1725133203252130735
1725133203252157796
1725133203191273198
1725133203170978346
1725133203272407854
1725133203211532184
1725133203211555417
1725133203292694782
1725133203292709379
1725133203171009274
1725133203231807379
1725133203312962443
1725133203312984284
1725133203231826796
1725133203150764596
1725133203333236256
1725133203333260241
1725133203191256126
1725133203252105648
1725133203353514858
1725133203353532351
1725133203252106800
1725133203150718068
1725133203373788911
1725133203373815170
1725133203272338283
1725133203272386684
1725133203394081329
1725133203394092580
1725133203211540048
1725133203292650098
1725133203414340414
1725133203414365541
1725133203292667270
1725133203231802981
1725133203434609598
1725133203434640847
1725133203312908922
1725133203312939259
1725133203454887940
1725133203454909450
1725133203312958385
1725133203333187374
1725133203475166001
1725133203475189335
1725133203333188095
1725133203333238981
1725133203495438411
1725133203252077906
1725133203353462049
1725133203515714789
1725133203515804657
1725133203353464042
1725133203353506352
1725133203535991447
1725133203536003880
1725133203252133710
1725133203373738687
1725133203556259229
1725133203556273966
1725133203373759957
1725133203272361357
1725133203576541487
1725133203576551226
1725133203272360756
1725133203394034802
1725133203596826902
1725133203394037126
1725133203394056312
1725133203617104161
1725133203617128477
1725133203292637644
1725133203414289980
1725133203637367324
1725133203637400396
1725133203414312432
1725133203292679884
1725133203657637040
1725133203657664441
1725133203231799675
1725133203434586585
1725133203677915631
1725133203677927514
1725133203434591855
1725133203312914703
1725133203698180047
1725133203698198742
1725133203454828138
1725133203454862993
1725133203718453709
1725133203718471994
1725133203454888581
1725133203475102802
1725133203738737351
1725133203475109425
1725133203475141545
1725133203759014851
1725133203759043034
1725133203475144761
1725133203333208604
1725133203779289134
1725133203779315424
1725133203495375453
1725133203495401432
1725133203799551786
1725133203799567255
1725133203495419345
1725133203515655568
1725133203819859182
1725133203819890251
1725133203515675745
1725133203515761246
1725133203840106015
1725133203515780713
1725133203353489921
1725133203860431064
1725133203860561278
1725133203535931294
1725133203535959407
1725133203880681502
1725133203880684468
1725133203535977080
1725133203556205117
1725133203900948362
1725133203900991253
1725133203556207642
1725133203556249961
1725133203921199954
1725133203921227034
1725133203373764235
1725133203576500250
1725133203941477223
1725133203941489105
1725133203576511341
1725133203394012540
1725133203961768719
1725133203961870230
1725133203596752372
1725133203596802596
1725133203982034247
1725133203982146708
1725133203394060079
1725133203617063395
1725133204002308540
1725133204002326765
1725133203292631423
1725133203637312722
1725133204022585409
1725133204022705034
1725133203637342237
1725133203414341947
1725133204042883437
1725133203414315507
1725133203657593277
1725133204063154815
1725133204063252248
1725133203657612253
1725133203434565135
1725133204083421164
1725133204083513147
1725133203677858354
1725133203434619317
1725133204103692813
1725133203312934330
1725133203698133089
1725133204124014726
1725133203698162013
1725133203454833788
1725133203454854938
1725133203718401241
1725133203718427380
1725133203718435265
1725133203231856111
1725133203231832967
1725133203738680274
1725133203738703337
1725133203738712534
1725133203738740837
1725133203475126517
1725133203758954678
1725133203758984744
1725133203758988451
1725133203759019219
1725133203475166902
1725133203333210988
1725133203779229863
1725133203779231436
1725133203779258337
1725133203779263586
1725133203779290647
1725133203495397925
1725133203495376615
1725133203799507193
1725133203799519846
1725133203799536167
1725133202686938900
1725133203515651881
1725133203819780845
1725133203819780234
1725133203819806333
1725133203819818115
1725133203819866406
1725133203515742290
1725133203840055319
1725133203840078543
1725133203515719217
1725133203353485322
1725133203860332799
1725133203860353989
1725133203860435151
1725133203535933899
1725133203535955309
1725133203880597805
1725133203880598777
1725133203880625477
1725133203880626800
1725133203191284961
1725133203373736002
1725133203900880445
1725133203900883981
1725133203900908928
1725133203900917464
1725133203900928896
1725133203900952049
1725133203556227038
1725133203556235053
1725133203921149940
1725133203921165309
1725133203921175698
1725133203921196978
1725133203576474171
1725133203373793389
1725133203941419986
1725133203941431187
1725133203941442618
1725133203941465261
1725133203576525888
1725133203394007570
1725133203961705260
1725133203961719527
1725133203961737220
1725133203961746167
1725133203961772506
1725133203961801090
1725133203961824594
1725133203961849210
1725133203596777109
1725133203596754536
1725133203981988260
1725133203981988651
1725133203982012676
1725133203982019108
1725133203982047532
1725133203982070966
1725133203982097545
1725133203982121080
1725133203617039240
1725133203617031675
1725133204002257815
1725133204002278895
1725133203414284469
1725133203637310959
1725133204022525597
1725133204022557146
1725133204022563127
1725133204022590208
1725133204022617299
1725133204022638980
1725133204022662314
1725133203637368396
1725133203637343059
1725133204042806222
1725133204042809759
1725133204042835156
1725133204042857178
1725133203657580554
1725133204063082119
1725133204063095013
1725133204063107496
1725133204063122304
1725133204063133205
1725133204063155436
1725133204063180203
1725133204063199028
1725133204063216782
1725133204063232912
1725133203657625418
1725133203434562470
1725133204083362855
1725133204083367073
1725133204083385527
1725133204083395997
1725133204083409422
1725133204083432025
1725133204083457753
1725133204083474845
1725133204083493270
1725133203677880085
1725133203677896135
1725133204103634363
1725133204103635335
1725133204103655132
1725133204103673667
1725133203698124482
1725133204123896074
1725133204123907655
1725133204123916482
1725133204123932242
1725133204123943954
1725133204124487514
1725133204124533060
1725133204124548739
1725133204124595076
1725133204124619021
1725133204124625874
1725133204124646332
1725133204124875162
1725133204124899197
1725133204124905058
1725133204124933832
1725133204124936798
1725133204124955763
1725133204124968517
1725133204124983445
1725133204125119370
1725133204125143406
1725133204125162271
1725133204125193710
1725133204125247952
1725133204125275634
1725133204125297956
1725133204125320538
1725133204125340065
1725133204125369971
1725133204125432719
1725133204125453157
1725133204125467584
1725133204125521906
1725133204125544158
1725133204125585496
1725133204125603429
1725133204125764792
1725133204125799878
1725133204125826288
1725133204125855462
1725133204125859520
1725133204125885038
1725133204125883906
1725133204125916617
1725133204125925905
1725133204125944750
1725133204125961622
1725133204125980768
1725133204126041973
1725133204126094942
1725133204126125159
1725133204126154855
1725133204126158902
1725133204126189089
1725133204126195120
1725133204126223463
1725133204126291381
1725133204126337237
1725133204126374176
1725133204126419181
1725133204126441513
1725133204126459927
1725133204126488221
1725133204126494512
1725133204126519169
1725133204126532053
1725133204126573781
1725133204126604028
1725133204126625108
1725133204126648381
1725133204126688997
1725133204126708775
1725133204126730966
1725133204126769889
1725133204126782713
1725133204126825965
1725133204126853106
1725133204126879485
1725133204126927595
1725133204126958954
1725133204126986306
1725133204127016272
1725133204127043273
1725133204127132931
1725133204127156575
1725133204127185279
1725133204127270750
1725133204127302760
1725133204127332055
1725133204127413578
1725133204127440268
1725133204127465545
1725133204127632308
1725133204127663577
1725133204128420117
1725133204128452168
1725133203698157054
1725133204130116472
1725133204130170363
1725133204130230095
1725133204130290759
1725133204130387741
1725133204130447283
1725133204130502276
1725133204130540148
1725133204130578189
1725133204130604579
1725133204130630056
1725133204130648140
1725133204130684759
1725133204130711189
1725133204130739742
1725133204130758247
1725133204130777994
1725133204130801488
1725133204130825784
1725133204130847384
1725133204130866771
1725133204130888662
1725133204130907447
1725133204130927104
1725133204130950628
1725133204130985584
1725133204131009589
1725133204131028554
1725133204131047991
1725133204131068870
1725133204131099828
1725133204131119185
1725133204131140996
1725133204131158729
1725133204131183586
1725133204131204575
1725133204131225063
1725133204131242176
1725133204131261171
1725133204131278945
1725133204131299984
1725133204131341953
1725133204131361339
1725133204131383200
1725133204131404410
1725133204131422324
1725133204131443544
1725133204131463822
1725133204131485392
1725133204131508255
1725133204131566074
1725133204131583456
1725133204131602001
1725133204131620576
1725133204131637888
1725133204131670550
1725133204131695877
1725133204144096860
1725133204144116887
1725133204144147755
1725133204144170127
1725133204144190706
1725133204144214941
1725133204144214430
1725133204144232244
1725133204144253874
1725133204144292807
1725133204144311472
1725133204144333223
1725133204144353010
1725133204144375613
1725133204144393286
1725133204144431798
1725133204144453349
1725133204144470882
1725133204144491571
1725133204144508352
1725133204144525805
1725133204144542616
1725133204144560901
1725133204144578193
1725133204144595676
1725133204144631894
1725133204144653164
1725133204144696656
1725133204144715090
1725133204144732262
1725133204144753182
1725133204144771777
1725133204144794610
1725133204144815930
1725133204144835436
1725133204144853841
1725133204144870823
1725133204144893375
1725133204144928090
1725133204144949721
1725133204144968907
1725133204145004033
1725133204145020985
1725133204145046753
1725133204145064857
1725133204145081709
1725133204145101325
1725133204145118277
1725133204145141150
1725133204145158272
1725133204145190262
1725133204145214788
1725133204145231730
1725133204145250145
1725133204145269692
1725133204145287936
1725133204145305028
1725133204145351345
1725133204145370791
1725133204145387473
1725133204145406819
1725133204164370612
1725133204164393606
1725133204164432729
1725133204164427970
1725133204164452706
1725133204164485789
1725133204164506457
1725133204164524000
1725133204164541934
1725133204164563374
1725133204164583642
1725133204164599602
1725133204164620061
1725133204164654455
1725133204164672199
1725133204164689711
1725133204164712204
1725133204164732201
1725133204164749884
1725133204164773900
1725133204164791262
1725133204164824955
1725133204164841887
1725133204164862576
1725133204164909043
1725133204164925504
1725133204164943237
1725133204164964417
1725133204164983353
1725133204165005494
1725133204165021965
1725133204165040300
1725133204165057352
1725133204165077630
1725133204165094642
1725133204165113167
1725133204165149304
1725133204165184891
1725133204165203777
1725133204165223484
1725133204165239844
1725133204165258449
1725133204165275071
1725133204165292583
1725133204165309465
1725133204165326918
1725133204165347587
1725133204165385508
1725133204165406066
1725133204165423259
1725133204165446172
1725133204165465979
1725133204165485786
1725133204165533345
1725133204165576637
1725133204165594851
1725133204165614087
1725133204165633894
1725133204165652679
1725133204165686523
1725133204165703996
1725133204184627944
1725133204184644686
1725133204184666717
1725133204184715489
1725133204184723905
1725133204184737009
1725133204184756706
1725133204184762267
1725133204184785951
1725133204184787604
1725133204184808183
1725133204184819113
1725133204184845803
1725133204184847366
1725133204184878445
1725133204184890888
1725133204184905816
1725133204184914573
1725133204184937686
1725133204184945771
1725133204184958285
1725133204184976609
1725133204184983903
1725133204185007066
1725133204185009982
1725133204185034468
1725133204185041882
1725133204185077298
1725133204185080043
1725133204185099760
1725133204185110250
1725133204185139355
1725133204185141779
1725133204185162117
1725133204185169441
1725133204185196131
1725133204185201151
1725133204185230085
1725133204185236477
1725133204185257246
1725133204185258228
1725133204185282774
1725133204185288124
1725133204185320946
1725133204185324632
1725133204185350872
1725133204185351373
1725133204185372863
1725133204185384906
1725133204185396107
1725133204185419631
1725133204185437114
1725133204185450399
1725133204185464846
1725133204185478812
1725133204185522374
1725133204185577647
1725133204185595311
1725133204185617643
1725133204185635887
1725133204185653139
1725133204185671945
1725133204185689628
1725133204185710337
1725133204185730805
1725133204185747847
1725133204185763486
1725133204185787051
1725133204185823629
1725133204185840882
1725133204185884524
1725133204185902037
1725133204185940619
1725133204185960136
1725133204185978340
1725133204185996955
1725133204186012764
1725133204186031349
1725133204186048361
1725133204186083467
1725133204186102894
1725133204186121028
1725133204186140244
1725133204186177033
1725133204204910874
1725133204204928568
1725133204204945890
1725133204204965387
1725133204205003128
1725133204205016383
1725133204205024919
1725133204205031411
1725133204205041239
1725133204205058341
1725133204205064232
1725133204205065184
1725133204205090442
1725133204205103376
1725133204205109648
1725133204205125878
1725133204205127982
1725133204205132801
1725133204205154111
1725133204205160173
1725133204205169019
1725133204205183747
1725133204205192213
1725133204205193655
1725133204205208844
1725133204205222469
1725133204205223992
1725133204205247537
1725133204205265540
1725133204205273716
1725133204205276270
1725133204205292321
1725133204205304413
1725133204205319422
1725133204205337826
1725133204205340962
1725133204205357142
1725133204205361621
1725133204205365628
1725133204205383993
1725133204205387750
1725133204205390385
1725133204205412997
1725133204205417656
1725133204205416283
1725133204205444396
1725133204205445007
1725133204205463472
1725133204205477629
1725133204205489771
1725133204205495392
1725133204205507274
1725133204205520699
1725133204205532181
1725134603124314648
1725148226965401342
1725150188912507172
1725151309517553890
