1725746147598172310
1725746147598176027
1725746147598181086
1725746147599223132
1725746147600260329
1725746147600270348
1725746147601346649
1725746147602448467
1725746147604746151
1725746147605896510
1725746147605929362
1725746147606986717
1725746147608105016
1725746147609356636
1725746147610525330
1725746147610547211
1725746147611744258
1725746147612982883
1725746147614032905
1725746147615064592
1725746147615094317
1725746147616422300
1725746147618661454
1725746147619890982
1725746147621026604
1725746147621066769
1725746147622094048
1725746147623333956
1725746147624491999
1725746147625623243
1725746147625648360
1725746147626748926
1725746147628064576
1725746147629209776
1725746147630516289
1725746147631631863
1725746147631659245
1725746147632648582
1725746147633732867
1725746147634839665
1725746147637199525
1725746147637294934
1725746147638371926
1725746147639529389
1725746147640651686
1725746147640663067
1725746147641657634
1725746147642764151
1725746147645124673
1725746147645125093
1725746147646205852
1725746147647533925
1725746147648553369
1725746147649770364
1725746147649781575
1725746147650759972
1725746147651999489
1725746147653226382
1725746147654324874
1725746147655559061
1725746147655593926
1725746147656679515
1725746147657636070
1725746147658782022
1725746147661164334
1725746147661189892
1725746147662237969
1725746147663301997
1725746147664513231
1725746147665623174
1725746147665652019
1725746147666754058
1725746147667873178
1725746147669101735
1725746147670080742
1725746147671180156
1725746147671204722
1725746147672396219
1725746147674596059
1725746147675836377
1725746147677065936
1725746147677108175
1725746147678159619
1725746147679192939
1725746147680404573
1725746147681633260
1725746147681656012
1725746147682749876
1725746147683975998
1725746147685112982
1725746147686217345
1725746147686226553
1725746147687311149
1725746147689562625
1725746147690654325
1725746147691888722
1725746147691897889
1725746147693132718
1725746147694267708
1725746147695328059
1725746147696557858
1725746147696569970
1725746147697660678
1725746147698789557
1725746147699864936
1725746147701107709
1725746147702200931
1725746147702202114
1725746147704332152
1725746147705537415
1725746147706669730
1725746147707887917
1725746147707905490
1725746147709014873
1725746147710122823
1725746147711202960
1725746147712444892
1725746147712457295
1725746147713536611
1725746147714655482
1725746147716002591
1725746147717272935
1725746147718212058
1725746147718229701
1725746147719315740
1725746147721620177
1725746147722705494
1725746147723918611
1725746147723936936
1725746147725313380
1725746147726293940
1725746147727370822
1725746147728484172
1725746147728495253
1725746147729698742
1725746147730802024
1725746147733018394
1725746147733020308
1725746147734195294
1725746147735252578
1725746147736250873
1725746147737439354
1725746147737478608
1725746147738572391
1725746147739825363
1725746147741080008
1725746147742152041
1725746147743243530
1725746147744358873
1725746147744429486
1725746147745621213
1725746147746600582
1725746147747713501
1725746147748956845
1725746147751064773
1725746147751101451
1725746147752174476
1725746147753161168
1725746147754266302
1725746147755384151
1725746147756491249
1725746147756517328
1725746147757609579
1725746147758819230
1725746147759831851
1725746147761179230
1725746147762280758
1725746147762292861
1725746147763323916
1725746147765613885
1725746147765621800
1725746147766739619
1725746147769122983
1725746147769157929
1725746147770171391
1725746147771337180
1725746147772330354
1725746147773523614
1725746147773543442
1725746147774733406
1725746147775841506
1725746147777098986
1725746147778209611
1725746147778225791
1725746147779345914
1725746147781621797
1725746147782767197
1725746147783911204
1725746147783938987
1725746147785188402
1725746147786327270
1725746147787384775
1725746147788364635
1725746147788406353
1725746147789554038
1725746147790737008
1725746147792013224
1725746147793141693
1725746147794120230
1725746147794133545
1725746147795376458
1725746147796601217
1725746147798950548
1725746147799944083
1725746147800001130
1725746147801155948
1725746147802398451
1725746147803528402
1725746147804735738
1725746147804751969
1725746147805733381
1725746147806950416
1725746147808075388
1725746147810241043
1725746147810290576
1725746147811467947
1725746147812628095
1725746147813844087
1725746147814981863
1725746147815005217
1725746147816074985
1725746147817324471
1725746147818407965
1725746147819660346
1725746147819692396
1725746147820800065
1725746147821923314
1725746147823112156
1725746147824349439
1725746147824354127
1725746147825486764
1725746147826859350
1725746147827983942
1725746147830171739
1725746147830213718
1725746147831415594
1725746147832515308
1725746147833740198
1725746147834868726
1725746147834881560
1725746147836012534
1725746147837203540
1725746147838362616
1725746147839482899
1725746147839504419
1725746147840745900
1725746147841869559
1725746147843207951
1725746147844315220
1725746147845445212
1725746148597600293
1725746148597612095
1725746148597646530
1725746148597674432
1725746148597683028
1725746148597716782
1725746148597697936
1725746148597801120
1725746148597713536
1725746148597722102
1725746148597725568
1725746148597837929
1725746148598300678
1725746148598350161
1725746148597727151
1725746148597726209
1725746148597864769
1725746148598026894
1725746148598249712
1725746148597684892
1725746148598317830
1725746148598365279
1725746148597862926
1725746148598383794
1725746148598425662
1725746148598429479
1725746148598455258
1725746148598477109
1725746148598523426
1725746148598771401
1725746148598815434
1725746148598608786
1725746148598835993
1725746148598693645
1725746148598615970
1725746148598567739
1725746148598885786
1725746148598541089
1725746148598894823
1725746148598912166
1725746148599098115
1725746148598940148
1725746148598960887
1725746148598964454
1725746148598965335
1725746148598972940
1725746148598973691
1725746148598973962
1725746148599154070
1725746148598990603
1725746148599199485
1725746148599210696
1725746148599222859
1725746148598979933
1725746148599162576
1725746148599195988
1725746148599118904
1725746148598947201
1725746148599138701
1725746148599268865
1725746148599353334
1725746148599388139
1725746148599507273
1725746148599595308
1725746148599622008
1725746148599636586
1725746148599641505
1725746148599656353
1725746148599794953
1725746148599670439
1725746148599660410
1725746148599701297
1725746148599716947
1725746148599883659
1725746148599685197
1725746148600042969
1725746148600203480
1725746148600129140
1725746148600157584
1725746148600230130
1725746148600238235
1725746148600165499
1725746148600166641
1725746148600240479
1725746148600240089
1725746148600276948
1725746148600299069
1725746148600305101
1725746148600252792
1725746148600324257
1725746148600285644
1725746148600341770
1725746148600243746
1725746148600280294
1725746148600281617
1725746148600374200
1725746148600302927
1725746148600404287
1725746148600413234
1725746148600423253
1725746148600417321
1725746148600445895
1725746148600458509
1725746148600466353
1725746148600482664
1725746148600493034
1725746148600503744
1725746148600507711
1725746148600353472
1725746148600529071
1725746148600538298
1725746148600545672
1725746148600557915
1725746148600566902
1725746148600227585
1725746148600260497
1725746148600380602
1725746148600381374
1725746148600249496
1725746148600271558
1725746148600333835
1725746148600381214
1725746148600386744
1725746148600389068
1725746148600331751
1725746148600391293
1725746148600654156
1725746148600664746
1725746148600674675
1725746148600686907
1725746148600404507
1725746148600285744
1725746148600410398
1725746148600400069
1725746148600412903
1725746148600411631
1725746148600415778
1725746148600284232
1725746148600416981
1725746148600415889
1725746148600418013
1725746148600420588
1725746148600419626
1725746148600420337
1725746148600421730
1725746148600422732
1725746148600424946
1725746148600795712
1725746148600424876
1725746148600254836
1725746148600430616
1725746148600432570
1725746148600431999
1725746148600434474
1725746148600433161
1725746148600435506
1725746148600436357
1725746148600437860
1725746148600439653
1725746148600438301
1725746148600442709
1725746148600422020
1725746148600060782
1725746148600449602
1725746148600450323
1725746148600453159
1725746148600453760
1725746148600452307
1725746148600455433
1725746148600452097
1725746148600457857
1725746148600457727
1725746148600459881
1725746148600461013
1725746148600462296
1725746148600461995
1725746148600246771
1725746148600464290
1725746148600465532
1725746148600326892
1725746148600466985
1725746148600469910
1725746148600467015
1725746148600329006
1725746148600471593
1725746148600473847
1725746148600476432
1725746148600467706
1725746148600477354
1725746148600479588
1725746148600267220
1725746148600485559
1725746148600484047
1725746148600488886
1725746148600490849
1725746148600491921
1725746148600489958
1725746148600493454
1725746148600495949
1725746148600336700
1725746148600497362
1725746148600497943
1725746148600501259
1725746148600490348
1725746148600487112
1725746148600504826
1725746148600506659
1725746148600336019
1725746148600510767
1725746148600510055
1725746148600516738
1725746148600518932
1725746148600519684
1725746148600520896
1725746148600523851
1725746148600363881
1725746148600525364
1725746148600530173
1725746148600531125
1725746148600368760
1725746148600533770
1725746148600532968
1725746148600534702
1725746148600537537
1725746148600538880
1725746148600276257
1725746148600530293
1725746148600545001
1725746148600376785
1725746148600548999
1725746148600549630
1725746148600550211
1725746148600553828
1725746148600556102
1725746148600560921
1725746148600250719
1725746148600261829
1725746148600617187
1725746148600628718
1725746148600390581
1725746148600657522
1725746148600395370
1725746148600284512
1725746148600394699
1725746148600719158
1725746148600731752
1725746148600416830
1725746148600801122
1725746148600802004
1725746148600810449
1725746148600845125
1725746148600850885
1725746148600869260
1725746148600881533
1725746148600925576
1725746148600948549
1725746148601001488
1725746148601008942
1725746148622952476
1725746148622954350
1725746148622960041
1725746148623054348
1725746148623067412
1725746148623084103
1725746148623785741
1725746148623062463
1725746148623063385
1725746148623063084
1725746148623066721
1725746148623066871
1725746148623068925
1725746148623087189
1725746148624366762
1725746148623073453
1725746148624488741
1725746148623078824
1725746148623080817
1725746148623071710
1725746148624730655
1725746148624763156
1725746148623096326
1725746148623505254
1725746148623117817
1725746148624964904
1725746148623059137
1725746148625048632
1725746148625056797
1725746148625082155
1725746148625098545
1725746148625174929
1725746148625057588
1725746148623070979
1725746148625063009
1725746148623559486
1725746148623086959
1725746148625738377
1725746148624892829
1725746148623060219
1725746148625177724
1725746148625177083
1725746148625792288
1725746148625192021
1725746148625286819
1725746148625315252
1725746148625069190
1725746148625464873
1725746148624051319
1725746148625736994
1725746148623092048
1725746148623982891
1725746148623499203
1725746148626061613
1725746148626082262
1725746148626212156
1725746148626092181
1725746148624034848
1725746148626252522
1725746148626084987
1725746148623078072
1725746148626349314
1725746148626375923
1725746148626243445
1725746148626468537
1725746148626482093
1725746148626554719
1725746148626574136
1725746148623505154
1725746148623087440
1725746148626695343
1725746148626739316
1725746148623099021
1725746148626747601
1725746148626784460
1725746148626794920
1725746148626796172
1725746148626845926
1725746148626969388
1725746148627139156
1725746148627150658
1725746148627226380
1725746148627258300
1725746148627265503
1725746148627334303
1725746148627374889
1725746148627491979
1725746148627550188
1725746148627652750
1725746148627700139
1725746148627720027
1725746148627733432
1725746148627730316
1725746148627760342
1725746148627754501
1725746148627782855
1725746148627832187
1725746148627849730
1725746148627863376
1725746148627909703
1725746148627934479
1725746148627952293
1725746148627944448
1725746148627970777
1725746148627977230
1725746148627983351
1725746148627940040
1725746148628047832
1725746148628068431
1725746148628082146
1725746148623056932
1725746148628150164
1725746148628158710
1725746148628074372
1725746148628174520
1725746148628079321
1725746148628193766
1725746148628049265
1725746148628214745
1725746148628221077
1725746148628096734
1725746148628048694
1725746148628246816
1725746148628264569
1725746148628269047
1725746148628274998
1725746148628151897
1725746148628304384
1725746148627991096
1725746148628157648
1725746148628159792
1725746148628343327
1725746148628162758
1725746148628435109
1725746148628166595
1725746148628167757
1725746148628169240
1725746148628168969
1725746148628172526
1725746148628179279
1725746148628075975
1725746148628183427
1725746148628185971
1725746148628187304
1725746148628190219
1725746148628078470
1725746148628083980
1725746148628197042
1725746148628052781
1725746148628196681
1725746148628195149
1725746148628211449
1725746148628212601
1725746148628216058
1725746148628081756
1725746148628219474
1725746148628095642
1725746148628232569
1725746148628244872
1725746148628248419
1725746148628100311
1725746148628251805
1725746148628250863
1725746148628250162
1725746148628255322
1725746148628252306
1725746148628265881
1725746148628264469
1725746148628270560
1725746148628103727
1725746148628100962
1725746148628273636
1725746148628283945
1725746148628152128
1725746148628283595
1725746148628284767
1725746148628296529
1725746148629302497
1725746148628305556
1725746148628326515
1725746148628158720
1725746148628164952
1725746148628153841
1725746148629344516
1725746148629358683
1725746148629361508
1725746148629375094
1725746148629386074
1725746148629397395
1725746148629403797
1725746148629414107
1725746148629351419
1725746148629352551
1725746148629362490
1725746148629324509
1725746148629335058
1725746148629462468
1725746148629470523
1725746148629481854
1725746148629491562
1725746148629499667
1725746148629510237
1725746148629519374
1725746148629527750
1725746148629533040
1725746148629546946
1725746148629551695
1725746148629561514
1725746148629568406
1725746148629573927
1725746148629583024
1725746148629592712
1725746148629602120
1725746148629611618
1725746148629615725
1725746148629624462
1725746148629403387
1725746148629635402
1725746148629657534
1725746148629659267
1725746148629671490
1725746148629684044
1725746148629688782
1725746148629696747
1725746148629707197
1725746148629717707
1725746148629731433
1725746148629921149
1725746148629416141
1725746148629351640
1725746148629455995
1725746148629365295
1725746148629469421
1725746148629366357
1725746148629370445
1725746148629484098
1725746148629488406
1725746148629494107
1725746148629493616
1725746148629375905
1725746148629496041
1725746148629496562
1725746148630036886
1725746148629502212
1725746148630058396
1725746148630070349
1725746148629375645
1725746148630089054
1725746148629504847
1725746148629506480
1725746148629508724
1725746148629506600
1725746148629506921
1725746148629378680
1725746148629513273
1725746148630144338
1725746148629516339
1725746148629520286
1725746148629515497
1725746148630177400
1725746148629523372
1725746148629524484
1725746148630209971
1725746148630218767
1725746148630421728
1725746148630436406
1725746148629527971
1725746148629530054
1725746148629529764
1725746148629530976
1725746148630474588
1725746148629532209
1725746148629535415
1725746148629536426
1725746148629539382
1725746148629540474
1725746148629542588
1725746148629543450
1725746148629542388
1725746148629544602
1725746148630538447
1725746148630551602
1725746148629384922
1725746148629549571
1725746148630568774
1725746148629384772
1725746148629554571
1725746148629557296
1725746148630592850
1725746148630605303
1725746148629559219
1725746148629563417
1725746148629564399
1725746148629562996
1725746148629565741
1725746148630637012
1725746148629319028
1725746148629565852
1725746148629570360
1725746148629572043
1725746148630676607
1725746148630685353
1725746148629575149
1725746148629576291
1725746148629577484
1725746148629393899
1725746148630714398
1725746148629581020
1725746148629582603
1725746148629581601
1725746148629395211
1725746148629589656
1725746148629588113
1725746148629590508
1725746148629393739
1725746148629595016
1725746148629595297
1725746148629596469
1725746148630807402
1725746148629598964
1725746148629598794
1725746148629600447
1725746148629602160
1725746148629603472
1725746148629606187
1725746148629603703
1725746148629605025
1725746148629608011
1725746148629605977
1725746148629608993
1725746148629605616
1725746148629614142
1725746148629614533
1725746148629396364
1725746148629401052
1725746148629346800
1725746148629616767
1725746148629619723
1725746148629616677
1725746148629346069
1725746148629627407
1725746148629628359
1725746148629633509
1725746148629635553
1725746148629640812
1725746148629632978
1725746148629638248
1725746148629643908
1725746148629637366
1725746148629646213
1725746148629647515
1725746148629642766
1725746148629649078
1725746148629406753
1725746148629645752
1725746148629406402
1725746148629660980
1725746148629660109
1725746148629663265
1725746148629405070
1725746148629667663
1725746148629664026
1725746148629665639
1725746148629666350
1725746148629668895
1725746148629669166
1725746148629669677
1725746148629671270
1725746148629672712
1725746148629674466
1725746148629673414
1725746148629676209
1725746148629677982
1725746148629409298
1725746148629685546
1725746148629410290
1725746148629689714
1725746148629684685
1725746148629412474
1725746148629689784
1725746148629684484
1725746148629682851
1725746148629695836
1725746148629412293
1725746148629698220
1725746148629701627
1725746148629700795
1725746148629700965
1725746148629704983
1725746148629711205
1725746148629710543
1725746148629712377
1725746148629417463
1725746148629714140
1725746148629715643
1725746148629717116
1725746148629715122
1725746148629721474
1725746148629716595
1725746148629722566
1725746148629416501
1725746148629725211
1725746148629726523
1725746148629727555
1725746148629726904
1725746148629733927
1725746148629735490
1725746148629737213
1725746148629417133
1725746148629733015
1725746148629737634
1725746148629738406
1725746148629742533
1725746148629747212
1725746148629757982
1725746148629758734
1725746148629785624
1725746148629794641
1725746148629810240
1725746148629820660
1725746148629831260
1725746148629831200
1725746148629844896
1725746148629854043
1725746148629863881
1725746148629882366
1725746148629881785
1725746148629890261
1725746148629896312
1725746148629906892
1725746148629418796
1725746148629927751
1725746148629959941
1725746148629976983
1725746148629974829
1725746148629999446
1725746148630011448
1725746148629498966
1725746148630053798
1725746148629502763
1725746148629499487
1725746148630087982
1725746148629504957
1725746148630097129
1725746148630119571
1725746148630135040
1725746148630134509
1725746148629513223
1725746148630149828
1725746148630162572
1725746148630173953
1725746148629519875
1725746148630183631
1725746148629524424
1725746148629334878
1725746148630227223
1725746148630229207
1725746148630252360
1725746148630258071
1725746148630263632
1725746148630269483
1725746148630288578
1725746148630294880
1725746148630300781
1725746148630299018
1725746148630315719
1725746148630392173
1725746148630405157
1725746148629526708
1725746148629382217
1725746148630455552
1725746148629381816
1725746148629546215
1725746148629547307
1725746148629551595
1725746148629560101
1725746148629559580
1725746148630624780
1725746148629566012
1725746148630654064
1725746148629390152
1725746148629570470
1725746148630700101
1725746148629578305
1725746148630743663
1725746148630765113
1725746148630775903
1725746148629596810
1725746148630825436
1725746148630843210
1725746148630856344
1725746148630864099
1725746177599155939
1725746177599229387
1725746177599268611
1725746177599341999
1725746177600560136
1725746177600577238
1725746177601679717
1725746177602886864
1725746177605172154
1725746177606271978
1725746177606343142
1725746177607414152
1725746177608515620
1725746177609733116
1725746177610836517
1725746177610862677
1725746177612054704
1725746177613145332
1725746177614314757
1725746177615417156
1725746177615450048
1725746177616627990
1725746177618887752
1725746177620008005
1725746177621182680
1725746177621207006
1725746177622339412
1725746177623415061
1725746177624631525
1725746177625720980
1725746177625746237
1725746177626943084
1725746177628221795
1725746177629353389
1725746177631609354
1725746177632688099
1725746177632714348
1725746177632740738
1725746177633871631
1725746177634996933
1725746177637277605
1725746177638420460
1725746177638489320
1725746177639678582
1725746177640762016
1725746177640797442
1725746177641994089
1725746177643074357
1725746177645385446
1725746177645452642
1725746177646498475
1725746177647615151
1725746177648842505
1725746177649992144
1725746177650009196
1725746177651195853
1725746177652280389
1725746177653479080
1725746177654564337
1725746177655750494
1725746177655778887
1725746177656866208
1725746177658058146
1725746177659149725
1725746177661433172
1725746177661510136
1725746177662546121
1725746177663763366
1725746177664871236
1725746177666084624
1725746177666113157
1725746177667222710
1725746177668397866
1725746177669504674
1725746177670701741
1725746177671778543
1725746177671834167
1725746177672930515
1725746177675203442
1725746177676308086
1725746177677487851
1725746177677513339
1725746177678570583
1725746177679775345
1725746177680852417
1725746177682058411
1725746177682082046
1725746177683170689
1725746177684357277
1725746177685495614
1725746177686616758
1725746177686647165
1725746177687728195
1725746177689963842
1725746177691096168
1725746177692203947
1725746177692236899
1725746177693325382
1725746177694515947
1725746177695637753
1725746177696780018
1725746177696813581
1725746177697918455
1725746177699088371
1725746177700196411
1725746177701377549
1725746177702496860
1725746177702580006
1725746177704775929
1725746177706118078
1725746177707290810
1725746177708388801
1725746177708419629
1725746177709546364
1725746177710649395
1725746177711820784
1725746177712906592
1725746177712937420
1725746177714145898
1725746177715225665
1725746177716409107
1725746177717530572
1725746177718698265
1725746177718734352
1725746177719809992
1725746177722044186
1725746177723148699
1725746177724331159
1725746177724359713
1725746177725528196
1725746177726627540
1725746177727802716
1725746177728894336
1725746177728926786
1725746177730089559
1725746177731275866
1725746177733550957
1725746177733631769
1725746177734661242
1725746177735857508
1725746177737094019
1725746177738167604
1725746177738199444
1725746177739351517
1725746177740455479
1725746177741668446
1725746177742728146
1725746177743919242
1725746177745188514
1725746177745206949
1725746177746291575
1725746177747501557
1725746177748591483
1725746177749781046
1725746177752064553
1725746177752083288
1725746177753155521
1725746177753236353
1725746177754335556
1725746177755513537
1725746177756615586
1725746177756639341
1725746177757778910
1725746177758915934
1725746177760059561
1725746177762282354
1725746177762333200
1725746177762362926
1725746177763409601
1725746177765705430
1725746177765722793
1725746177766825693
1725746177770197964
1725746177770251825
1725746177770270821
1725746177771461316
1725746177772543888
1725746177773739122
1725746177773840362
1725746177774850649
1725746177776070358
1725746177777277505
1725746177778355478
1725746177778384723
1725746177779602489
1725746177781706579
1725746177782938091
1725746177784145167
1725746177784179682
1725746177785287682
1725746177786438623
1725746177787541754
1725746177788758488
1725746177788776852
1725746177789862911
1725746177791064857
1725746177792195770
1725746177793305814
1725746177794475750
1725746177794495127
1725746177795575515
1725746177796747666
1725746177799217312
1725746177800366920
1725746177800379504
1725746177801461595
1725746177802547473
1725746177803753467
1725746177804854635
1725746177804878179
1725746177806029320
1725746177807142700
1725746177808296857
1725746177810585834
1725746177810649163
1725746177811724972
1725746177812930736
1725746177814150977
1725746177815235112
1725746177815261862
1725746177816352800
1725746177817578210
1725746177818647538
1725746177819829908
1725746177819900711
1725746177820944430
1725746177822151145
1725746177823226544
1725746177824442276
1725746177824452085
1725746177825641648
1725746177827891592
1725746177828972671
1725746177831275505
1725746177831344023
1725746177832406417
1725746177833584038
1725746177834689133
1725746177835856574
1725746177835869488
1725746177836953644
1725746177838119753
1725746177839224016
1725746177840402298
1725746177840423197
1725746177841481764
1725746177842676317
1725746177843766974
1725746177844908237
1725746177846248713
1725746178597739817
1725746178597783108
1725746178597799018
1725746178597831579
1725746178597842049
1725746178597851437
1725746178597932389
1725746178597980489
1725746178598344362
1725746178598344593
1725746178598393645
1725746178598410887
1725746178598412350
1725746178598447736
1725746178598458025
1725746178598467123
1725746178598464157
1725746178598460490
1725746178598481720
1725746178598491448
1725746178598509582
1725746178598515363
1725746178598521394
1725746178598521505
1725746178598527055
1725746178598537495
1725746178598560889
1725746178598573031
1725746178599693685
1725746178599708954
1725746178599714695
1725746178599742898
1725746178599756163
1725746178599764338
1725746178599778024
1725746178599790928
1725746178599793422
1725746178599796869
1725746178599806397
1725746178599822527
1725746178599817307
1725746178599811627
1725746178599845540
1725746178599852373
1725746178599864897
1725746178599874715
1725746178599854257
1725746178599915011
1725746178599856170
1725746178599927835
1725746178599938365
1725746178599902046
1725746178599904491
1725746178599905623
1725746178599906986
1725746178599874344
1725746178599984822
1725746178599859226
1725746178599939036
1725746178600001403
1725746178599940038
1725746178600023925
1725746178599959504
1725746178599969122
1725746178599986936
1725746178599990973
1725746178599928817
1725746178600002375
1725746178599882420
1725746178600017373
1725746178599943935
1725746178600028033
1725746178600039955
1725746178600055184
1725746178600077526
1725746178601079287
1725746178601080719
1725746178601114994
1725746178601120534
1725746178601122147
1725746178601144289
1725746178601126836
1725746178601152113
1725746178601162503
1725746178601174555
1725746178601175006
1725746178601182881
1725746178601196567
1725746178601202227
1725746178601209110
1725746178601211956
1725746178601213799
1725746178601234388
1725746178601221043
1725746178601247953
1725746178601255197
1725746178601213909
1725746178601249226
1725746178601249035
1725746178601276387
1725746178601262320
1725746178601264264
1725746178601274974
1725746178601298097
1725746178601304179
1725746178601313466
1725746178601329025
1725746178601240980
1725746178601354984
1725746178601360885
1725746178601384389
1725746178601396793
1725746178601320349
1725746178601412051
1725746178601424855
1725746178601331740
1725746178601437339
1725746178601344224
1725746178601350786
1725746178601454240
1725746178601355625
1725746178601471423
1725746178601478115
1725746178601482473
1725746178601373078
1725746178601495999
1725746178601501639
1725746178601527688
1725746178601545051
1725746178601554889
1725746178601567142
1725746178601575989
1725746178601589104
1725746178601597720
1725746178601412773
1725746178601413694
1725746178601414356
1725746178601620563
1725746178601647553
1725746178601655859
1725746178601664455
1725746178601337391
1725746178601447798
1725746178601300933
1725746178601456585
1725746178601706374
1725746178601714920
1725746178601739736
1725746178601753001
1725746178601761407
1725746178601476071
1725746178601781835
1725746178601480400
1725746178601482774
1725746178601484768
1725746178601372537
1725746178601493865
1725746178601373288
1725746178601498183
1725746178601379500
1725746178601509915
1725746178601510336
1725746178601511949
1725746178601513001
1725746178601521837
1725746178601524532
1725746178601378158
1725746178601530864
1725746178601519553
1725746178601533219
1725746178601534010
1725746178601534932
1725746178601323856
1725746178601525214
1725746178601283810
1725746178601555581
1725746178601319998
1725746178601561502
1725746178601562814
1725746178601563105
1725746178601402884
1725746178601567293
1725746178601571831
1725746178601578203
1725746178601407413
1725746178601580718
1725746178601586248
1725746178601408945
1725746178601593462
1725746178601593772
1725746178601594554
1725746178601598481
1725746178601612938
1725746178601613059
1725746178601613449
1725746178601619491
1725746178601619651
1725746178601622927
1725746178601415708
1725746178601624119
1725746178601623548
1725746178601627616
1725746178601321050
1725746178601636092
1725746178601636933
1725746178601637995
1725746178601637444
1725746178601638987
1725746178601436898
1725746178601653565
1725746178601641672
1725746178601658644
1725746178601437950
1725746178601665567
1725746178601667922
1725746178601668873
1725746178601671438
1725746178601671699
1725746178601672410
1725746178601673272
1725746178601441456
1725746178601670667
1725746178601681828
1725746178601686126
1725746178601687368
1725746178601702116
1725746178601705101
1725746178601466463
1725746178601708458
1725746178601710902
1725746178601711533
1725746178601712425
1725746178601719759
1725746178601728034
1725746178601467445
1725746178601728756
1725746178601731421
1725746178601732693
1725746178601732924
1725746178601742001
1725746178601740638
1725746178601743453
1725746178601719198
1725746178601745497
1725746178601470120
1725746178601744906
1725746178601361757
1725746178601755576
1725746178601756267
1725746178601761066
1725746178601286425
1725746178601763451
1725746178601768931
1725746178601770685
1725746178601782326
1725746178601283961
1725746178601800601
1725746178601810469
1725746178623108051
1725746178623132416
1725746178623159998
1725746178623192078
1725746178624472462
1725746178624515603
1725746178624522987
1725746178624544878
1725746178624557602
1725746178624583160
1725746178624595363
1725746178624593740
1725746178624592357
1725746178624633895
1725746178624634406
1725746178624814224
1725746178624868726
1725746178624979384
1725746178624991757
1725746178625021152
1725746178625069733
1725746178625112233
1725746178625128694
1725746178625143722
1725746178625171093
1725746178625237729
1725746178625467510
1725746178625522082
1725746178625522393
1725746178625534215
1725746178625583458
1725746178625793662
1725746178625820362
1725746178625828598
1725746178625839939
1725746178625830822
1725746178625871999
1725746178625877299
1725746178625877229
1725746178625877900
1725746178625881066
1725746178625897848
1725746178625910532
1725746178625919889
1725746178625913888
1725746178625922404
1725746178626009016
1725746178627129730
1725746178627142605
1725746178627171218
1725746178627178712
1725746178627181658
1725746178627200263
1725746178627207657
1725746178627217976
1725746178627223376
1725746178627227474
1725746178627234637
1725746178627238855
1725746178627264894
1725746178627268441
1725746178627272278
1725746178627272128
1725746178627277117
1725746178627283649
1725746178627304549
1725746178627314487
1725746178627320438
1725746178627341017
1725746178627319617
1725746178627327632
1725746178627330467
1725746178627363890
1725746178627356937
1725746178627361365
1725746178627384739
1725746178627366204
1725746178627370783
1725746178627322272
1725746178627384970
1725746178627404136
1725746178627409916
1725746178628477130
1725746178628491647
1725746178628528226
1725746178628531452
1725746178628536401
1725746178628552471
1725746178628562430
1725746178628570666
1725746178628582989
1725746178628575444
1725746178628562620
1725746178628593298
1725746178628610701
1725746178628610941
1725746178628624326
1725746178628625458
1725746178628627412
1725746178628646628
1725746178628657348
1725746178628648121
1725746178628669992
1725746178628630177
1725746178628680722
1725746178628689459
1725746178628708655
1725746178628672867
1725746178628719876
1725746178628728582
1725746178628708735
1725746178628716589
1725746178628678748
1725746178628761905
1725746178628725997
1725746178628776181
1725746178628738861
1725746178628789216
1725746178628758488
1725746178628759540
1725746178628722911
1725746178628766052
1725746178628820765
1725746178628832868
1725746178628780860
1725746178628740334
1725746178628850761
1725746178628801539
1725746178628802451
1725746178628810135
1725746178628809935
1725746178628775069
1725746178628823891
1725746178628918328
1725746178628928117
1725746178628939167
1725746178628948866
1725746178628960918
1725746178628846373
1725746178628789757
1725746178628855610
1725746178628861221
1725746178628861572
1725746178628862684
1725746178628863024
1725746178628870208
1725746178629020510
1725746178628881058
1725746178628883152
1725746178628889063
1725746178628888703
1725746178628892259
1725746178628892680
1725746178628894363
1725746178628899643
1725746178628900304
1725746178628904432
1725746178628910293
1725746178628919761
1725746178628824953
1725746178628922997
1725746178628924430
1725746178628925171
1725746178628826195
1725746178628934939
1725746178628938346
1725746178628943305
1725746178628828279
1725746178628934639
1725746178628949958
1725746178628680872
1725746178628961660
1725746178628835082
1725746178628878774
1725746178630120024
1725746178630126166
1725746178630160290
1725746178630170088
1725746178630175548
1725746178630185678
1725746178630197069
1725746178630211356
1725746178630221835
1725746178630232796
1725746178630227897
1725746178630229269
1725746178630233998
1725746178630223729
1725746178630253455
1725746178630266429
1725746178630276448
1725746178630252313
1725746178630257653
1725746178630301285
1725746178630264986
1725746178630315642
1725746178630299832
1725746178630273032
1725746178630336921
1725746178630306344
1725746178630311283
1725746178630363271
1725746178630281868
1725746178630369272
1725746178630318296
1725746178630400601
1725746178630417292
1725746178630433102
1725746178630449613
1725746178630346790
1725746178630480301
1725746178630360466
1725746178630527519
1725746178630578826
1725746178630587031
1725746178630598593
1725746178630608712
1725746178630615955
1725746178630386485
1725746178630639409
1725746178630649248
1725746178630383910
1725746178630326141
1725746178630701736
1725746178630404268
1725746178630740619
1725746178630757992
1725746178630421991
1725746178630426199
1725746178630790443
1725746178630435426
1725746178630442399
1725746178630441528
1725746178630451897
1725746178630835347
1725746178630848271
1725746178630452068
1725746178630887766
1725746178630906861
1725746178630462507
1725746178630928803
1725746178630477405
1725746178630478938
1725746178630952076
1725746178630960502
1725746178630354104
1725746178630486572
1725746178630478537
1725746178630501530
1725746178630993404
1725746178630505388
1725746178630510187
1725746178631010386
1725746178630523923
1725746178631045712
1725746178630525095
1725746178630529092
1725746178630529182
1725746178630313177
1725746178630540584
1725746178631078754
1725746178630548769
1725746178630550643
1725746178630551524
1725746178631122476
1725746178630557205
1725746178630563427
1725746178630566292
1725746178630570780
1725746178630572183
1725746178630366507
1725746178630581320
1725746178630583344
1725746178630585949
1725746178631177169
1725746178631184202
1725746178631194101
1725746178630602420
1725746178630608000
1725746178631219248
1725746178631228014
1725746178630317194
1725746178630628769
1725746178631269482
1725746178630635021
1725746178630394189
1725746178631293287
1725746178630651903
1725746178630708409
1725746178630407895
1725746178630721423
1725746178631326559
1725746178631336257
1725746178630748093
1725746178630754856
1725746178631363529
1725746178630421250
1725746178630777318
1725746178630785223
1725746178631391191
1725746178630796564
1725746178631406299
1725746178631421808
1725746178630814889
1725746178631458036
1725746178631466863
1725746178630839535
1725746178630840246
1725746178630841479
1725746178630344766
1725746178631503952
1725746178631515454
1725746178631513520
1725746178630869882
1725746178630875903
1725746178631553836
1725746178630880702
1725746178630305022
1725746178630897624
1725746178631583361
1725746178630901471
1725746178631599762
1725746178631607897
1725746178631617946
1725746178631628887
1725746178631636481
1725746178631643965
1725746178631652241
1725746178630958739
1725746178630959671
1725746178630483677
1725746178631675675
1725746178630979177
1725746178630993163
1725746178630504446
1725746178630998363
1725746178631728774
1725746178631004555
1725746178631007791
1725746178631014183
1725746178631752699
1725746178631024172
1725746178631039380
1725746178631040262
1725746178631788036
1725746178630525405
1725746178631050451
1725746178631806240
1725746178631085958
1725746178631823232
1725746178631115603
1725746178631836977
1725746178631127536
1725746178631142504
1725746178631148214
1725746178631153534
1725746178631160357
1725746178631173522
1725746178630363251
1725746178630600717
1725746178631189221
1725746178631197707
1725746178630371476
1725746178631208918
1725746178631208167
1725746178630378640
1725746178631223596
1725746178630611928
1725746178631232763
1725746178631241850
1725746178631247080
1725746178631253151
1725746178631253973
1725746178631259103
1725746178631264062
1725746178631268610
1725746178630629421
1725746178631274932
1725746178631285833
1725746178631289199
1725746178630394409
1725746178631311080
1725746178631317122
1725746178630414437
1725746178631327190
1725746178631327261
1725746178631331799
1725746178631332050
1725746178631333082
1725746178631334103
1725746178630743665
1725746178631340916
1725746178631357978
1725746178631360172
1725746178630754255
1725746178631385901
1725746178631387704
1725746178630341911
1725746178631395599
1725746178631404305
1725746178630806263
1725746178631407992
1725746178631412180
1725746178631414655
1725746178631415937
1725746178630808096
1725746178631434542
1725746178631437618
1725746178631446494
1725746178631449550
1725746178630830979
1725746178631460561
1725746178631463767
1725746178630452398
1725746178631468756
1725746178631480538
1725746178631484826
1725746178631487381
1725746178631491669
1725746178631499253
1725746178630849784
1725746178631505375
1725746178631508250
1725746178631514372
1725746178630851588
1725746178631519181
1725746178630861286
1725746178631529891
1725746178631531314
1725746178631532015
1725746178631538207
1725746178631541152
1725746178631549468
1725746178631551431
1725746178631562292
1725746178631559066
1725746178630881083
1725746178631583141
1725746178630898636
1725746178631595063
1725746178630908204
1725746178631602016
1725746178630459502
1725746178631614550
1725746178630475852
1725746178631620752
1725746178631625911
1725746178630943190
1725746178630481583
1725746178631640108
1725746178630954551
1725746178631648985
1725746178631649526
1725746178630955072
1725746178631671417
1725746178631672388
1725746178630974609
1725746178631675845
1725746178631685784
1725746178631687246
1725746178631696414
1725746178631709959
1725746178631711532
1725746178631711893
1725746178631721751
1725746178631722282
1725746178631725809
1725746178631003994
1725746178631748682
1725746178631749193
1725746178631749754
1725746178630523822
1725746178631766395
1725746178631786152
1725746178631046023
1725746178631788396
1725746178631803004
1725746178630542638
1725746178631819194
1725746178631110904
1725746178631832699
1725746178631832970
1725746178631834072
1725746178631834994
1725746178631837809
1725746178630552436
1725746178631853959
1725746178631861493
1725746178631877814
1725746178631879357
1725746178631892572
1725746178631907840
1725746207601060305
1725746207601096052
1725746207601143561
1725746207601147378
1725746207601146717
1725746207601238329
1725746207602568556
1725746207603726941
1725746207605947880
1725746207607262077
1725746207607293225
1725746207607473173
1725746207608636026
1725746207609921780
1725746207611170013
1725746207611174632
1725746207612440869
1725746207613636824
1725746207614938037
1725746207616228099
1725746207616250180
1725746207617511117
1725746207619717950
1725746207620903957
1725746207622114600
1725746207622138434
1725746207623389202
1725746207623595800
1725746207624753093
1725746207625917979
1725746207625945301
1725746207627173336
1725746207628451446
1725746207629633555
1725746207631868190
1725746207633185974
1725746207633200361
1725746207633254633
1725746207634455657
1725746207635665709
1725746207638010811
1725746207639315952
1725746207639343293
1725746207640590554
1725746207641746504
1725746207641774928
1725746207643023331
1725746207643281035
1725746207645629384
1725746207645693464
1725746207646854684
1725746207648035501
1725746207649333076
1725746207650621405
1725746207650644368
1725746207651843158
1725746207653132659
1725746207654420256
1725746207654653264
1725746207655798524
1725746207655830454
1725746207656974311
1725746207658264323
1725746207659536571
1725746207661741220
1725746207661795882
1725746207662951291
1725746207664126798
1725746207665416279
1725746207666710699
1725746207666720417
1725746207667876247
1725746207669176308
1725746207670471148
1725746207671742114
1725746207671860336
1725746207671883540
1725746207673037046
1725746207675486624
1725746207676782607
1725746207677934670
1725746207677964766
1725746207679119865
1725746207680397834
1725746207681699177
1725746207682839648
1725746207682865186
1725746207684116395
1725746207685431313
1725746207685657367
1725746207686835950
1725746207686859955
1725746207688016466
1725746207690366007
1725746207691635611
1725746207692801138
1725746207692825494
1725746207693968780
1725746207695259453
1725746207696524959
1725746207697800714
1725746207697829168
1725746207698979397
1725746207699206503
1725746207700490955
1725746207701776879
1725746207702952285
1725746207702977412
1725746207705295814
1725746207706600143
1725746207707820985
1725746207708981954
1725746207708999527
1725746207710257178
1725746207711513367
1725746207712797487
1725746207713960120
1725746207713982392
1725746207715240684
1725746207715273285
1725746207716530585
1725746207717817702
1725746207718992768
1725746207719025369
1725746207720269855
1725746207722593758
1725746207723895972
1725746207725047805
1725746207725074365
1725746207726322017
1725746207727567635
1725746207728826037
1725746207728949730
1725746207728981610
1725746207731180868
1725746207731409107
1725746207733662717
1725746207733718763
1725746207734943211
1725746207736122706
1725746207737437975
1725746207738708069
1725746207738739107
1725746207739896219
1725746207741179489
1725746207742466715
1725746207743744173
1725746207744919440
1725746207746201556
1725746207746227966
1725746207746433341
1725746207747702754
1725746207748895654
1725746207750064478
1725746207752426632
1725746207752445869
1725746207753698851
1725746207753733566
1725746207754898373
1725746207756083227
1725746207757371085
1725746207757402644
1725746207758604109
1725746207759898449
1725746207761073555
1725746207762364138
1725746207762388263
1725746207762400036
1725746207763717348
1725746207765971540
1725746207766058553
1725746207767196740
1725746207770487749
1725746207770539756
1725746207770544906
1725746207771797437
1725746207772959990
1725746207774126329
1725746207774152208
1725746207775410009
1725746207776697065
1725746207777939818
1725746207779110326
1725746207779137076
1725746207780392713
1725746207782709833
1725746207784009192
1725746207785189167
1725746207785217631
1725746207785404962
1725746207786575941
1725746207787862887
1725746207789011824
1725746207789048392
1725746207790197599
1725746207791498872
1725746207792786209
1725746207793950635
1725746207795126833
1725746207795153864
1725746207796387350
1725746207797675027
1725746207800020319
1725746207801204833
1725746207801236893
1725746207802405757
1725746207802613057
1725746207804816453
1725746207805024724
1725746207805109594
1725746207806284139
1725746207807454796
1725746207808740299
1725746207811079210
1725746207811138431
1725746207812298439
1725746207813466001
1725746207814694818
1725746207815974260
1725746207816024634
1725746207817170946
1725746207818432254
1725746207819701827
1725746207819921900
1725746207819955283
1725746207821126983
1725746207822310214
1725746207823603081
1725746207824892552
1725746207824920534
1725746207826057128
1725746207828299989
1725746207829619907
1725746207831952786
1725746207832027566
1725746207833171814
1725746207834359043
1725746207835646791
1725746207836918208
1725746207836942323
1725746207837027062
1725746207838206055
1725746207839475438
1725746207840749209
1725746207840776050
1725746207842027659
1725746207843194730
1725746207844467950
1725746207845747833
1725746207847034689
1725746208598045554
1725746208598102991
1725746208598113501
1725746208598148747
1725746208598168134
1725746208598137266
1725746208598197940
1725746208598264394
1725746208598408565
1725746208598455703
1725746208598463308
1725746208598502331
1725746208598505527
1725746208598523741
1725746208598551804
1725746208598565159
1725746208598595165
1725746208598598682
1725746208598598441
1725746208598600455
1725746208598643456
1725746208598632165
1725746208598630071
1725746208598646512
1725746208598705122
1725746208598661239
1725746208598701515
1725746208598659626
1725746208599934369
1725746208599961871
1725746208599982590
1725746208599985235
1725746208600005092
1725746208600018297
1725746208600028506
1725746208600039857
1725746208600021262
1725746208600025901
1725746208600044035
1725746208600057080
1725746208600063281
1725746208600070675
1725746208600070595
1725746208600085433
1725746208600090362
1725746208600100120
1725746208600081145
1725746208600113626
1725746208600107464
1725746208600111852
1725746208600105040
1725746208600136599
1725746208600129566
1725746208600138272
1725746208600128904
1725746208600157839
1725746208600151617
1725746208600172827
1725746208600179910
1725746208600187084
1725746208600203925
1725746208600215928
1725746208600177606
1725746208600177566
1725746208600149744
1725746208600160564
1725746208600193426
1725746208600196020
1725746208600196501
1725746208600202833
1725746208600139033
1725746208600210037
1725746208600175412
1725746208600220937
1725746208600224454
1725746208601390733
1725746208601397636
1725746208601415500
1725746208601428073
1725746208601438112
1725746208601437551
1725746208601432832
1725746208601452499
1725746208601455294
1725746208601472026
1725746208601469992
1725746208601467738
1725746208601474951
1725746208601494027
1725746208601512882
1725746208601519555
1725746208601512582
1725746208601495991
1725746208601541055
1725746208601517150
1725746208601512041
1725746208601570611
1725746208601581972
1725746208601539292
1725746208601598253
1725746208601605657
1725746208601516409
1725746208601618030
1725746208601626656
1725746208601556344
1725746208601562195
1725746208601562846
1725746208601570390
1725746208601534733
1725746208601678814
1725746208601577854
1725746208601694814
1725746208601587382
1725746208601718068
1725746208601723999
1725746208601595668
1725746208601539693
1725746208601540134
1725746208601749497
1725746208601617369
1725746208601618661
1725746208601619002
1725746208601774544
1725746208601621536
1725746208601628530
1725746208601791125
1725746208601800733
1725746208601639039
1725746208601641143
1725746208601642927
1725746208601644109
1725746208601655330
1725746208601840878
1725746208601658726
1725746208601853061
1725746208601860575
1725746208601684755
1725746208601579768
1725746208601535194
1725746208601702839
1725746208601588534
1725746208601896753
1725746208601906952
1725746208601725712
1725746208601610786
1725746208601550443
1725746208601934053
1725746208601792988
1725746208601799350
1725746208601950905
1725746208601819648
1725746208601657925
1725746208601844395
1725746208601845016
1725746208601660790
1725746208601679826
1725746208601863731
1725746208601873039
1725746208601875994
1725746208602010416
1725746208601897494
1725746208601722746
1725746208601902324
1725746208601595097
1725746208601908615
1725746208601926128
1725746208601931148
1725746208602056353
1725746208601553439
1725746208601936748
1725746208601632958
1725746208601953099
1725746208601960613
1725746208602098832
1725746208601976793
1725746208601977645
1725746208601983225
1725746208601991721
1725746208602000698
1725746208602135732
1725746208602009324
1725746208601884610
1725746208602020706
1725746208602162562
1725746208602173032
1725746208602066001
1725746208602080578
1725746208602203459
1725746208602209590
1725746208602099474
1725746208601967356
1725746208602116906
1725746208602123419
1725746208602127065
1725746208602001760
1725746208602138667
1725746208602251920
1725746208602261878
1725746208602270204
1725746208602047486
1725746208602283830
1725746208601935095
1725746208602173543
1725746208602176919
1725746208602183652
1725746208602324236
1725746208602336188
1725746208602204581
1725746208602393566
1725746208602213678
1725746208602081931
1725746208602413383
1725746208602420847
1725746208602250176
1725746208602250427
1725746208602255466
1725746208602140300
1725746208602260426
1725746208602456243
1725746208602161099
1725746208602273390
1725746208602275624
1725746208602277428
1725746208602482833
1725746208602285683
1725746208602286675
1725746208602504845
1725746208602296173
1725746208602297295
1725746208602307023
1725746208602310991
1725746208602311922
1725746208602315168
1725746208602184613
1725746208602340817
1725746208602341147
1725746208602205793
1725746208602358239
1725746208602366725
1725746208602370102
1725746208602370082
1725746208602375662
1725746208602380461
1725746208602385631
1725746208602389117
1725746208602096839
1725746208602396972
1725746208602399978
1725746208602405107
1725746208602219779
1725746208602418122
1725746208602244836
1725746208602426958
1725746208602440223
1725746208602454109
1725746208602150319
1725746208602169625
1725746208602295582
1725746208623734418
1725746208623773301
1725746208623799150
1725746208623800152
1725746208625070296
1725746208625074524
1725746208625098910
1725746208625098339
1725746208625114680
1725746208625129207
1725746208625138885
1725746208625139466
1725746208625156178
1725746208625157630
1725746208625167830
1725746208625174011
1725746208625164233
1725746208625171326
1725746208625163181
1725746208625191003
1725746208625204629
1725746208625208977
1725746208625211301
1725746208625223083
1725746208625235517
1725746208625446944
1725746208625600271
1725746208625622363
1725746208625624096
1725746208625647390
1725746208625672637
1725746208626816545
1725746208626845990
1725746208626852132
1725746208626867751
1725746208626876117
1725746208626885825
1725746208626894090
1725746208626906814
1725746208626914218
1725746208626920209
1725746208626924537
1725746208626910030
1725746208626941119
1725746208626952069
1725746208626944335
1725746208626931140
1725746208628084004
1725746208628113790
1725746208628125312
1725746208628140550
1725746208628149126
1725746208628159446
1725746208628164255
1725746208628167691
1725746208628184853
1725746208628191045
1725746208628197437
1725746208628209329
1725746208628216413
1725746208628211734
1725746208628189522
1725746208628218827
1725746208628238264
1725746208628228906
1725746208628251068
1725746208628256307
1725746208628262158
1725746208628287907
1725746208628248052
1725746208628231561
1725746208628222744
1725746208628241880
1725746208628268851
1725746208628276065
1725746208628278489
1725746208628284831
1725746208628247160
1725746208628289820
1725746208628293097
1725746208628299619
1725746208628314366
1725746208628756476
1725746208628781614
1725746208628800980
1725746208628809696
1725746208628820126
1725746208628838741
1725746208628854801
1725746208628860532
1725746208628862916
1725746208628884166
1725746208628888174
1725746208628898333
1725746208628894726
1725746208628927107
1725746208628935863
1725746208628948958
1725746208628950400
1725746208628966130
1725746208628938167
1725746208628979285
1725746208628996337
1725746208628908612
1725746208629009381
1725746208629017296
1725746208628925363
1725746208628961672
1725746208628908181
1725746208629042674
1725746208629053354
1725746208629071628
1725746208629079894
1725746208629090824
1725746208628988482
1725746208629105081
1725746208628945652
1725746208629137802
1725746208629139395
1725746208629161467
1725746208628911257
1725746208629192315
1725746208629039357
1725746208629040189
1725746208629211340
1725746208629225737
1725746208629046020
1725746208629047072
1725746208629047873
1725746208628978814
1725746208629059445
1725746208629061409
1725746208629062421
1725746208629062741
1725746208629063292
1725746208629068783
1725746208628939039
1725746208629076998
1725746208629080064
1725746208628988793
1725746208628997699
1725746208629090624
1725746208629092698
1725746208629094050
1725746208628999302
1725746208629108497
1725746208629108808
1725746208629111773
1725746208629113617
1725746208629118215
1725746208629119999
1725746208629120951
1725746208629124758
1725746208629125299
1725746208629127182
1725746208629128455
1725746208629134015
1725746208629138393
1725746208629007347
1725746208629140828
1725746208629141229
1725746208629007047
1725746208629153922
1725746208629155095
1725746208629007678
1725746208629164813
1725746208629164502
1725746208629185171
1725746208629185792
1725746208628956943
1725746208629211100
1725746208629041221
1725746208629217291
1725746208628977091
1725746208630339418
1725746208630364936
1725746208630378331
1725746208630386096
1725746208630378281
1725746208630399942
1725746208630405562
1725746208630419428
1725746208630421823
1725746208630430268
1725746208630434827
1725746208630446639
1725746208630452440
1725746208630458662
1725746208630469141
1725746208630477758
1725746208630466396
1725746208630455105
1725746208630454324
1725746208630500370
1725746208630511230
1725746208630521229
1725746208630497675
1725746208630538452
1725746208630546557
1725746208630487145
1725746208630523443
1725746208630493116
1725746208630576753
1725746208630482066
1725746208630542850
1725746208630543321
1725746208630509678
1725746208630549482
1725746208630549102
1725746208630551165
1725746208630568859
1725746208630523433
1725746208630626647
1725746208630626527
1725746208630630705
1725746208630654429
1725746208630656263
1725746208630685087
1725746208630658898
1725746208630691188
1725746208630716245
1725746208630732726
1725746208630740922
1725746208630758455
1725746208630785175
1725746208630795624
1725746208630803990
1725746208630818066
1725746208630822274
1725746208630853794
1725746208630853914
1725746208630854495
1725746208630859715
1725746208630877759
1725746208630888228
1725746208630896654
1725746208630915139
1725746208630956867
1725746208630977245
1725746208630991692
1725746208631003825
1725746208631008274
1725746208631017932
1725746208631020937
1725746208631023783
1725746208631032489
1725746208631036877
1725746208631047928
1725746208631048078
1725746208631051966
1725746208631095036
1725746208631068767
1725746208631100547
1725746208631082303
1725746208631093474
1725746208631065000
1725746208631135663
1725746208631102911
1725746208631073977
1725746208631157534
1725746208631128970
1725746208631169907
1725746208631139029
1725746208631148697
1725746208631115034
1725746208631161161
1725746208631172081
1725746208631202979
1725746208631208920
1725746208631192539
1725746208631193862
1725746208631230631
1725746208631097551
1725746208631180858
1725746208631252242
1725746208631194894
1725746208631231372
1725746208631235540
1725746208631214861
1725746208631257341
1725746208631283460
1725746208631297096
1725746208631302676
1725746208631316923
1725746208631319979
1725746208631331050
1725746208631344645
1725746208631345757
1725746208631346609
1725746208631364302
1725746208631364362
1725746208631371335
1725746208631376675
1725746208631386313
1725746208631395821
1725746208631387926
1725746208631409246
1725746208631411581
1725746208631426008
1725746208631430657
1725746208631431318
1725746208631450524
1725746208631474349
1725746208631490399
1725746208631500959
1725746208631507160
1725746208631523631
1725746208631526356
1725746208631526557
1725746208631528049
1725746208631547326
1725746208631552295
1725746208631573114
1725746208631576761
1725746208631590457
1725746208631597430
1725746208631607559
1725746208631608731
1725746208631600846
1725746208631625793
1725746208631620283
1725746208631630993
1725746208631645039
1725746208631673843
1725746208631688531
1725746208631698409
1725746208631701204
1725746208631715511
1725746208631717255
1725746208631718507
1725746208631730560
1725746208631729127
1725746208631733756
1725746208631740548
1725746208631741520
1725746208631758532
1725746208631761918
1725746208631762960
1725746208631782086
1725746208631799148
1725746208631802284
1725746208631815679
1725746208631807434
1725746208631823384
1725746208631825438
1725746208631831078
1725746208631839745
1725746208631850274
1725746208631841899
1725746208631854723
1725746208631860143
1725746208631873047
1725746208631885470
1725746208631907542
1725746208631910678
1725746208631918512
1725746208631930976
1725746208631944181
1725746208631941315
1725746208632013541
1725746208632264282
1725746208632037646
1725746208632044148
1725746208632283207
1725746208632061431
1725746208632303325
1725746208632309747
1725746208632068694
1725746208632074185
1725746208632079966
1725746208632334473
1725746208632089153
1725746208632347408
1725746208632355142
1725746208632364750
1725746208632372304
1725746208632382243
1725746208632112116
1725746208632397101
1725746208632406939
1725746208632420635
1725746208632427298
1725746208632435082
1725746208632133486
1725746208632446423
1725746208632137033
1725746208632475939
1725746208632139307
1725746208632147552
1725746208632491709
1725746208632168732
1725746208632169423
1725746208632169283
1725746208632176076
1725746208632182077
1725746208632536282
1725746208632185814
1725746208632188199
1725746208632192367
1725746208632196504
1725746208632581647
1725746208632590795
1725746208632212124
1725746208632212825
1725746208632214218
1725746208632616332
1725746208632626632
1725746208632219007
1725746208632641520
1725746208632229256
1725746208632231600
1725746208632236449
1725746208632242972
1725746208632243052
1725746208632249704
1725746208632026034
1725746208632269752
1725746208632270714
1725746208632056672
1725746208632289529
1725746208632292935
1725746208632298416
1725746208632065599
1725746208632307212
1725746208632068244
1725746208632313664
1725746208632325176
1725746208632331227
1725746208632081028
1725746208632341637
1725746208632344372
1725746208632090064
1725746208632353038
1725746208632354301
1725746208632355373
1725746208632092098
1725746208632360452
1725746208632098190
1725746208632369990
1725746208632100214
1725746208632379678
1725746208632107417
1725746208632389817
1725746208632112687
1725746208632397682
1725746208632404204
1725746208632113649
1725746208632412680
1725746208632413081
1725746208632117666
1725746208632421537
1725746208632121063
1725746208632433109
1725746208632436645
1725746208632130490
1725746208632135179
1725746208632448878
1725746208632452355
1725746208632453988
1725746208632458556
1725746208632138225
1725746208632490536
1725746208632167780
1725746208632493692
1725746208632511876
1725746208632514141
1725746208632517878
1725746208632520002
1725746208632519711
1725746208632532746
1725746208632185764
1725746208632538346
1725746208632538126
1725746208632555649
1725746208632556220
1725746208632559155
1725746208632561039
1725746208632562381
1725746208632562521
1725746208632198979
1725746208632202756
1725746208632593409
1725746208632605963
1725746208632606073
1725746208632216873
1725746208632624287
1725746208632624999
1725746208632203558
1725746208632632733
1725746208632228905
1725746208632645307
1725746208632655987
