1707970616.2796915
1707970616.355497
1707970616.5235548
1707970616.7374825
1707970616.9745045
1707970617.1645184
1707970617.310991
1707970617.4343698
1707970617.5829368
1707970617.8581238
1707970618.0535202
1707970618.1777813
1707970618.3643236
1707970618.4831517
1707970618.6167905
1707970618.7348244
1707970618.855836
1707970618.9723673
1707970619.077214
1707970619.2694514
1707970619.4144454
1707970619.527211
1707970619.684513
1707970619.802418
1707970619.939906
1707970620.0493412
1707970620.1778722
1707970620.2932289
1707970620.4056387
1707970620.5144358
1707970620.6325245
1707970620.7546406
1707970620.8664393
1707970620.9850729
1707970621.0971801
1707970621.2170036
1707970621.3279486
1707970621.4346352
1707970621.5453436
1707970621.6619954
1707970621.7765563
1707970621.8843968
1707970621.9870877
1707970622.0988472
1707970622.2173657
1707970622.3243616
1707970622.4259996
1707970622.5353405
1707970622.649791
1707970622.7594166
1707970622.865156
1707970622.975991
1707970623.0903294
1707970623.2066858
1707970623.3148112
1707970623.42584
1707970623.5449295
1707970623.671235
1707970623.775347
1707970623.885331
1707970623.9942749
1707970624.0949142
1707970624.1968265
1707970624.3108475
1707970624.4158359
1707970624.5263531
1707970624.6354785
1707970624.7453735
1707970624.8553479
1707970624.965497
1707970625.158707
1707970625.2659163
1707970625.3759122
1707970625.4980648
1707970625.6210573
1707970625.7250125
1707970625.8349445
1707970625.9399283
1707970626.0448515
1707970626.147601
1707970626.2572453
1707970626.364808
1707970626.4758162
1707970626.5854387
1707970626.7125745
1707970626.822041
1707970626.925798
1707970627.0363257
1707970627.1538389
1707970627.2860498
1707970627.3965101
1707970627.5048885
1707970627.6154456
1707970627.7430975
1707970627.846384
1707970627.9563217
1707970628.0773716
1707970628.1873264
1707970628.2957096
1707970628.4083755
1707970628.5154703
1707970628.6248336
1707970628.7363617
1707970628.8458438
1707970628.9588058
1707970629.0744655
1707970629.1878765
1707970629.3077366
1707970629.4179745
1707970629.5253432
1707970629.641419
1707970629.7475662
1707970629.8658073
1707970629.9757378
1707970630.0848918
1707970630.2015493
1707970630.3058867
1707970630.4158435
1707970630.5354197
1707970630.6463516
1707970630.7578638
1707970630.867122
1707970630.9754133
1707970631.09507
1707970631.2058113
1707970631.3268733
1707970631.4359097
1707970631.5476468
1707970631.6596868
1707970631.7697248
1707970631.8753533
1707970631.9844618
1707970632.085318
1707970632.205457
1707970632.3153887
1707970632.429591
1707970632.5354784
1707970632.644872
1707970632.7447205
1707970632.8468456
1707970632.995539
1707970633.123611
1707970633.2511458
1707970633.375373
1707970633.5048146
1707970633.6417155
1707970633.8342843
1707970633.9630358
1707970634.107573
1707970634.229852
1707970634.3351603
1707970634.4448457
1707970634.555395
1707970634.6673772
1707970634.796753
1707970634.9548697
1707970635.0784018
1707970635.3723907
1707970635.5414193
1707970635.7027917
1707970635.816637
1707970635.93386
1707970636.0374885
1707970636.14495
1707970636.2551396
1707970636.3702374
1707970636.4744642
1707970636.5847673
1707970636.6946793
1707970636.7948868
1707970636.8999674
1707970637.0182824
1707970637.1363752
1707970637.2447712
1707970637.3455431
1707970637.4568498
1707970637.5744987
1707970637.6770284
1707970637.7845583
1707970637.8891134
1707970638.007379
1707970638.1189454
1707970638.224819
1707970638.3350475
1707970638.445656
1707970638.5549388
1707970638.6714578
1707970638.786296
1707970638.9043372
1707970639.0189335
1707970639.1263683
1707970639.2359657
1707970639.345863
1707970639.4555912
1707970639.5650175
1707970639.6694186
1707970639.7754703
1707970639.885652
1707970640.006879
1707970640.1194565
1707970640.236223
1707970640.3463302
1707970640.4603925
1707970640.5688074
1707970640.700477
1707970640.837804
1707970640.9528527
1707970641.054864
1707970641.158304
1707970641.2693071
1707970641.3813448
1707970641.4934037
1707970641.6072068
1707970641.715648
1707970641.8248103
1707970641.9372156
1707970642.045794
1707970642.1565213
1707970642.2830896
1707970642.3868663
1707970642.4996245
1707970642.6158533
1707970642.7283258
1707970642.8354087
1707970642.9480793
1707970643.0554097
1707970643.1653955
1707970643.2765334
1707970643.4095864
1707970643.5148804
1707970643.615528
1707970643.7284474
1707970643.848576
1707970643.956096
1707970644.0654159
1707970644.1798792
1707970644.2854054
1707970644.3959262
1707970644.5053728
1707970644.6168077
1707970644.726963
1707970644.8444054
1707970644.9475007
1707970645.0581412
1707970645.1653695
1707970645.2793005
1707970645.3853762
1707970645.4948676
1707970645.5948715
1707970645.6968315
1707970645.8435225
1707970645.9710011
1707970646.0748878
1707970646.1774561
1707970646.2864075
1707970646.3958836
1707970646.5104134
1707970646.6155515
1707970646.725551
1707970646.8383996
1707970646.9453962
1707970647.0589266
1707970647.1654103
1707970647.274397
1707970647.3918922
1707970647.497563
1707970647.6095343
1707970647.7191584
1707970647.8262403
1707970647.9413028
1707970648.0451458
1707970648.1549225
1707970648.2612197
1707970648.3649182
1707970648.4783344
1707970648.5998726
1707970648.7106173
1707970648.8148968
1707970648.9189034
1707970649.0260007
1707970649.1461453
1707970649.2568412
1707970649.3738425
1707970649.478976
1707970649.5871668
1707970649.695979
1707970649.8084116
1707970649.9158363
1707970650.0254562
1707970650.4185228
1707970650.5254335
1707970650.6365724
1707970650.7548404
1707970650.870439
1707970650.9768817
1707970651.090359
1707970651.2028563
1707970651.3054702
1707970651.4226055
1707970651.5259147
1707970651.6349006
1707970651.7352996
1707970651.8444355
1707970651.944957
1707970652.0470006
1707970652.154384
1707970652.2545073
1707970652.3553305
1707970652.459974
1707970652.56753
1707970652.6773393
1707970652.790605
1707970652.9068346
1707970653.0151026
1707970653.1374369
1707970653.2474735
1707970653.3543987
1707970653.4548097
1707970653.5544095
1707970653.6589499
1707970653.7652519
1707970653.8796704
1707970653.986011
1707970654.0944147
1707970654.2008626
1707970654.3049066
1707970654.4064689
1707970654.5169528
1707970654.6334033
1707970654.7448423
1707970654.8548524
1707970654.9544065
1707970655.0573235
1707970655.1708493
1707970655.2758758
1707970655.398032
1707970655.5079477
1707970655.6199057
1707970655.7333934
1707970655.8354993
1707970655.947488
1707970656.0745342
1707970656.1843429
1707970656.3129501
1707970656.41947
1707970656.527598
1707970656.635877
1707970657.0102684
1707970657.1174455
1707970657.2350748
1707970657.3508701
1707970657.4655716
1707970657.5749824
1707970657.6863687
1707970657.7976625
1707970657.914832
1707970658.024989
1707970658.1328607
1707970658.2362661
1707970658.3466039
1707970658.46354
1707970658.5748584
1707970658.6756353
1707970658.7876503
1707970658.898366
1707970659.01488
1707970659.12685
1707970659.2359078
1707970659.3443859
1707970659.4475005
1707970659.556911
1707970659.6688614
1707970659.8124578
1707970659.9394114
1707970660.102567
1707970660.2340565
1707970660.349397
1707970660.4604197
1707970660.588952
1707970660.6983025
1707970660.8379629
1707970660.9494116
1707970661.0677998
1707970661.1960938
1707970661.3443654
1707970661.4601219
1707970661.5787916
1707970661.6885822
1707970661.8024328
1707970661.9179
1707970662.0368748
1707970662.3172076
1707970662.5229895
1707970662.6944299
1707970662.8101614
1707970662.9288154
1707970663.0377355
1707970663.1520932
1707970663.2958171
1707970663.4063222
1707970663.514974
1707970663.6248639
1707970663.7370462
1707970663.846103
1707970663.9769847
1707970664.0874343
1707970664.223389
1707970664.3386831
1707970664.4551346
1707970664.5655482
1707970664.6759012
1707970664.7849376
1707970664.895411
1707970665.022914
1707970665.1263535
1707970665.234931
1707970665.3558693
1707970665.4643023
1707970665.5643349
1707970665.6688519
1707970665.775887
1707970665.8876803
1707970665.9944515
1707970666.0982652
1707970666.2094145
1707970666.3304143
1707970666.4344883
1707970666.53693
1707970666.654946
1707970666.767713
1707970666.8765168
1707970666.987832
1707970667.0995286
1707970667.2043908
1707970667.3049407
1707970667.4154494
1707970667.5268452
1707970667.6344688
1707970667.7545207
1707970667.8712535
1707970667.9782865
1707970668.0896223
1707970668.1950848
1707970668.3056462
1707970668.4221804
1707970668.5291882
1707970668.6771514
1707970668.7915797
1707970668.920151
1707970669.0254948
1707970669.1379733
1707970669.248434
1707970669.3549554
1707970669.456088
1707970669.5639493
1707970669.6796587
1707970669.790021
1707970669.9058678
1707970670.018512
1707970670.1287084
